2.101433929671703282e-02
1.932841354397649841e-02
1.804645232382584910e-02
1.698913385485893018e-02
1.608873464760309999e-02
1.531116129814022800e-02
1.463549242773779652e-02
1.404677247636675411e-02
1.353319988613902077e-02
1.308494858184151670e-02
1.269362114887305319e-02
1.235195476220326410e-02
1.205363427081632653e-02
1.179315560839949359e-02
1.156571667224835787e-02
1.136712590832145847e-02
1.119372396418548410e-02
1.104231584062928540e-02
1.091011186288168983e-02
1.079467622037584909e-02
1.069388206463179648e-02
1.060587231421774961e-02
1.052902543559494815e-02
1.046192556592855788e-02
1.040333642607953017e-02
1.035217854263764843e-02
1.030750935913313064e-02
1.026850586991389334e-02
1.023444945669926484e-02
1.020471264842131610e-02
1.017874756040692760e-02
1.015607579989727220e-02
1.013627965191873578e-02
1.011899438310947565e-02
1.010390152170368566e-02
1.009072298986087197e-02
1.007921598023144190e-02
1.006916848236209631e-02
1.006039537651743331e-02
1.005273502294856680e-02
1.004604628376781598e-02
1.004020592255917138e-02
1.003510633381371649e-02
1.003065356035609708e-02
1.002676556223417934e-02
1.002337070517713043e-02
1.002040644077257028e-02
1.001781815404577218e-02
1.001555815720817089e-02
1.001358481103555020e-02
1.001186175768777400e-02
1.001035725083516265e-02
1.000904357074947071e-02
1.000789651358283475e-02
1.000689494542490732e-02
1.000602041292194926e-02
1.000525680328372830e-02
1.000459004741403521e-02
1.000400786069516844e-02
1.000349951665047317e-02
1.000305564931478451e-02
1.000266808067156246e-02
1.000232966997735042e-02
1.000203418219741854e-02
1.000177617312860909e-02
1.000155088909282335e-02
1.000135417935306761e-02
1.000118241963836307e-02
1.000103244536849380e-02
1.000090149334833568e-02
1.000078715085746250e-02
1.000068731119707968e-02
1.000060013487523089e-02
1.000052401571514989e-02
1.000045755126231957e-02
1.000039951694500426e-02
1.000034884351216902e-02
1.000030459733311505e-02
1.000026596319582989e-02
1.000023222928714609e-02
1.000020277407796983e-02
1.000017705487194104e-02
1.000015459780654280e-02
1.000013498912244621e-02
1.000011786754020741e-02
1.000010291760389768e-02
1.000008986386899737e-02
1.000007846582746940e-02
1.000006851347654338e-02
1.000005982344951035e-02
1.000005223563730714e-02
1.000004561023858096e-02
1.000003982518392863e-02
1.000003477388683622e-02
1.000003036327987323e-02
1.000002651209998608e-02
1.000002314939125829e-02
1.000002021319759335e-02
1.000001764942120425e-02
1.000001541082589339e-02
